R2: 0.8944721603366936
RMSE: 1.9748092381589237
